VIP-1908648566:1908648566.4652455
VIP-1728672514:1728672514.3991487
VIP-1908726451:1908726451.345139
VIP-1728742918:1728742918.5116642
VIP-1728921821:1728921821.4516473
VIP-1728923813:1728923813.318478
VIP-1728923879:1728923879.3832777
VIP-1728960771:1728960771.1806977
VIP-1728960807:1728960807.3178134
VIP-1728960840:1728960840.6034374
VIP-1728960863:1728960863.5428815
